1 0.22625 0.7239583337 0.2025 0.184027777
1 0.1075 0.6354166671 0.135 0.263888888
1 0.26062500000000005 0.5685763892 0.09625 0.151041666
1 0.57625 0.6406250003 0.215 0.291666666
1 0.144375 0.36545138920000003 0.16375 0.196180555
1 0.113125 0.5468750001 0.11625 0.065972222
1 0.394375 0.3003472227 0.22875 0.263888888
1 0.44625 0.3914955556 0.115 0.10937
1 0.509375 0.3498263890999999 0.11625 0.098958333
1 0.565 0.33854166680000003 0.06 0.177083333
1 0.4756250000000001 0.49652777820000005 0.10625 0.170138888
1 0.420625 0.360243056 0.06875 0.092013888
1 0.76625 0.5147594444 0.095 0.14062
1 0.63 0.3862847224 0.065 0.098958333
1 0.714375 0.3984375001 0.12875 0.11284722200000001
1 0.781875 0.3142361112 0.09375 0.204861111
1 0.730625 0.28472222259999996 0.04875 0.121527777
1 0.728125 0.2734375002 0.01375 0.098958333
1 0.901875 0.31684277780000003 0.06875 0.20312
1 0.869375 0.3220486114 0.13375 0.182291666
1 0.889375 0.27430555570000004 0.01875 0.114583333
