1 0.844375 0.6891666667999999 0.19875 0.148333333
1 0.80625 0.8008333335 0.245 0.138333333
1 0.656875 0.8116666667999999 0.29375 0.133333333
1 0.52625 0.79 0.08 0.1
1 0.5674999999999999 0.3716666668 0.0675 0.073333333
1 0.259375 0.37083333370000005 0.04875 0.051666666
1 0.8425 0.4516666667999999 0.145 0.073333333
1 0.875 0.395 0.08 0.08
1 0.945 0.3566666668 0.0575 0.113333333
1 0.145625 0.7991666667999999 0.25125 0.148333333
1 0.105 0.7675000003000001 0.1375 0.161666666
1 0.45062500000000005 0.8558333336999999 0.19875 0.101666666
