1 0.836875 0.28434065979999995 0.32375 0.425824175
1 0.8375 0.5920329674 0.3225 0.535714285
1 0.908125 0.3804945055999999 0.18125 0.486263736
1 0.3037500000000001 0.7115384618 0.45 0.461538461
1 0.255 0.4519230771 0.3425 0.46428571400000007
1 0.195625 0.3557692309 0.36125 0.442307692
1 0.133125 0.3887362638 0.26625 0.151098901
1 0.51125 0.4162087914000001 0.3875 0.42032967
1 0.605 0.6373626418999999 0.3475 0.48901098
1 0.6575 0.524725275 0.32 0.428571428
1 0.131875 0.39010989030000004 0.26375 0.148351648
