1 0.87125 0.5383333337 0.255 0.316666666
1 0.6375 0.7466666667999999 0.3125 0.503333333
1 0.438125 0.7700000002999999 0.36375 0.45666666600000005
1 0.23375 0.7575000002 0.1575 0.288333333
1 0.17375 0.3275000002000001 0.2875 0.298333333
1 0.883125 0.3533333333 0.16625 0.1
1 0.97625 0.31916666699999996 0.045 0.261666666
1 0.701875 0.229166667 0.21875 0.111666666
1 0.555 0.043333333700000004 0.1275 0.086666666
1 0.45125 0.36166666670000003 0.1075 0.15
1 0.38125 0.25250000019999996 0.2075 0.278333333
1 0.269375 0.2525000003 0.08875 0.211666666
1 0.344375 0.12416666699999998 0.12625 0.181666666
1 0.28625 0.06 0.1525 0.1
